                 Running inference benchmark
                         Times
----------------------------------------------------------------------------------------
    m       n      k      a_t     b_t      precision        time (usec)
   4096      1    512      0      0        float                  21
   4096      1   1024      0      0        float                  36
   4096      1   2048      0      0        float                  69
   8192      1    512      0      0        float                  31
   8192      1   1024      0      0        float                  57
   8192      1   2048      0      0        float                 111
   8192      1   4096      0      0        float                 233
  16384      1    512      0      0        float                  58
  16384      1   1024      0      0        float                 109
  16384      1   2048      0      0        float                 213
  16384      1   4096      0      0        float                 432
  25088      1    512      0      0        float                  89
  25088      1   1024      0      0        float                 163
  25088      1   2048      0      0        float                 322
  25088      1   4096      0      0        float                 735
  65536      1    512      0      0        float                 224
  65536      1   1024      0      0        float                 424
  65536      1   2048      0      0        float                 839
  65536      1   4096      0      0        float                1711
 131072      1    512      0      0        float                 457
 131072      1   1024      0      0        float                 855
 131072      1   2048      0      0        float                1718
 131072      1   4096      0      0        float                3459
